<?xml version="1.0" encoding="UTF-8" standalone="no"?>
<!DOCTYPE svg PUBLIC "-//W3C//DTD SVG 20010904//EN"
              "http://www.w3.org/TR/2001/REC-SVG-20010904/DTD/svg10.dtd">

<svg xmlns="http://www.w3.org/2000/svg"
     width="0.6in" height="0.2in"
     viewBox="0 0 180 60">
  <path id="Selection"
        fill="none" stroke="black" stroke-width="1"
        d="M 49.00,14.00
           C 50.16,12.11 52.04,8.92 53.60,7.43
             57.72,3.48 62.29,4.66 64.00,10.00
             70.97,10.24 71.33,12.08 74.00,12.12
             78.75,12.18 84.79,4.45 88.00,15.00
             89.95,12.88 93.67,8.19 96.04,7.04
             99.00,5.60 101.12,6.92 104.00,7.55
             110.42,8.95 113.32,7.56 114.00,16.00
             118.46,11.26 125.60,2.84 129.00,14.00
             133.47,13.26 133.85,12.91 138.00,15.00
             144.36,7.15 146.29,11.46 152.00,13.42
             156.93,15.12 155.31,12.98 161.00,17.01
             165.99,11.19 174.61,9.01 176.69,17.01
             177.84,21.48 175.19,36.04 172.86,39.94
             169.69,45.25 166.41,42.66 163.00,44.02
             159.41,45.51 152.22,54.09 149.00,44.02
             144.01,45.65 134.96,53.23 131.60,44.94
             131.08,43.67 131.11,42.33 131.00,41.00
             125.86,44.63 118.83,52.55 114.00,44.00
             114.00,44.00 97.00,52.56 97.00,52.56
             97.00,52.56 85.00,45.00 85.00,45.00
             80.73,50.81 74.47,55.68 70.00,47.00
             64.41,49.58 61.10,50.02 58.00,44.00
             55.45,46.49 51.55,50.63 48.00,51.43
             47.00,51.66 36.41,49.85 35.04,49.42
             31.45,48.32 32.36,47.18 27.91,47.54
             24.98,47.77 16.50,48.23 14.13,46.97
             12.28,45.98 10.45,43.29 8.76,41.71
             6.22,39.33 3.81,38.08 4.47,34.00
             5.52,27.55 18.66,13.58 24.00,9.79
             29.46,5.90 34.40,4.00 38.00,11.00
             43.92,10.02 44.30,10.07 49.00,14.00 Z" />
</svg>
